5 51 20 51 20 119 5 119 0 0
20 53 37 53 37 119.99999999999999 20 119.99999999999999 0 0
38 53 56 53 56 119.99999999999999 38 119.99999999999999 0 0
57.00000000000001 51 76 51 76 111 57.00000000000001 111 0 0
74 53 92 53 92 122 74 122 0 0
92 53 110 53 110 124 92 124 0 0
108.00000000000001 53 125 53 125 119.99999999999999 108.00000000000001 119.99999999999999 0 0
125.99999999999999 53 144 53 144 122 125.99999999999999 122 0 0
144 52 162 52 162 119.99999999999999 144 119.99999999999999 0 0
160 51 180 51 180 121.00000000000001 160 121.00000000000001 0 0
179 51 198 51 198 119 179 119 0 0
197 50 215.00000000000003 50 215.00000000000003 118 197 118 0 0
213.99999999999997 48 233 48 233 119.99999999999999 213.99999999999997 119.99999999999999 0 0
232 49 251 49 251 122 232 122 0 0
250 54.00000000000001 268 54.00000000000001 268 124 250 124 0 0
269 53 285 53 285 124 269 124 0 0
283 49 306 49 306 119 283 119 0 0
304 46 323 46 323 122 304 122 0 0
321 50 342 50 342 123 321 123 0 0
339 48 359 48 359 121.00000000000001 339 121.00000000000001 0 0
358 48 374 48 374 121.00000000000001 358 121.00000000000001 0 0
374 48 386 48 386 118 374 118 0 0
0 151 44 151 44 184 0 184 0 0
1 182 42 182 42 219 1 219 0 0
1 210 46 210 46 246 1 246 0 0
1 243 44 243 44 278 1 278 0 0
1 273 44 273 44 320 1 320 0 0
98 149 135 149 135 178 98 178 0 0
101 173 136 173 136 203 101 203 0 0
100 199 136 199 136 228.00000000000003 100 228.00000000000003 0 0
99 223 138 223 138 251 99 251 0 0
99 248 138 248 138 277 99 277 0 0
100 273 136 273 136 302 100 302 0 0
99 296 138 296 138 324 99 324 0 0
145 149 161 149 161 211 145 211 0 0
159 148 175 148 175 211 159 211 0 0
173 148 188 148 188 211 173 211 0 0
188 147 203 147 203 210 188 210 0 0
202 147 217 147 217 212 202 212 0 0
217 152 231 152 231 210 217 210 0 0
229.00000000000003 148 246 148 246 213.99999999999997 229.00000000000003 213.99999999999997 0 0
244 147 259 147 259 210 244 210 0 0
258 147 273 147 273 212 258 212 0 0
273 149 287 149 287 209 273 209 0 0
287 151 299 151 299 212 287 212 0 0
299 148 315 148 315 211 299 211 0 0
313 148 330 148 330 212.99999999999997 313 212.99999999999997 0 0
328 148 344 148 344 211 328 211 0 0
344 150 357 150 357 210 344 210 0 0
356 152 368 152 368 209 356 209 0 0