273 68 351 68 351 103 273 103 0 0
274 105 356 105 356 134 274 134 0 0
104 58 203 58 203 98 104 98 0 0
121.00000000000001 97 212.99999999999997 97 212.99999999999997 131 121.00000000000001 131 0 0
150 128 234 128 234 167 150 167 0 0
151 166 235 166 235 199 151 199 0 0
273 129 358 129 358 169 273 169 0 0
268 164 352 164 352 203 268 203 0 0
261 198 355 198 355 233 261 233 0 0
267 229.00000000000003 351 229.00000000000003 351 264 267 264 0 0
267 263 351 263 351 300 267 300 0 0
274 296 347 296 347 346 274 346 0 0