52 224 72 224 72 269 52 269 0 0
65 213.99999999999997 85 213.99999999999997 85 259 65 259 0 0
81 206 101 206 101 251 81 251 0 0
97 196 117 196 117 241.00000000000003 97 241.00000000000003 0 0
112.99999999999999 184 133 184 133 229.00000000000003 112.99999999999999 229.00000000000003 0 0
127.00000000000001 175 147 175 147 220 127.00000000000001 220 0 0
140 164 162 164 162 212.99999999999997 140 212.99999999999997 0 0
155 154 177 154 177 201 155 201 0 0
170 144 192 144 192 195 170 195 0 0
186 133 207 133 207 181 186 181 0 0
201 123 223 123 223 173 201 173 0 0
215.00000000000003 112.99999999999999 236 112.99999999999999 236 163 215.00000000000003 163 0 0
229.00000000000003 105 252.99999999999997 105 252.99999999999997 154 229.00000000000003 154 0 0
243 90 267 90 267 144 243 144 0 0
266 82 286 82 286 133 266 133 0 0
280 78 300 78 300 125 280 125 0 0
295 72 313 72 313 117 295 117 0 0
312 62.99999999999999 330 62.99999999999999 330 110 312 110 0 0
327 56 348 56 348 104 327 104 0 0
341 49 364 49 364 97 341 97 0 0
359 38 377 38 377 91 359 91 0 0
377 32 395 32 395 82 377 82 0 0
397 29.999999999999996 409 29.999999999999996 409 79 397 79 0 0
283 182 304 182 304 232 283 232 0 0
298 175 314 175 314 224 298 224 0 0
306 170 329 170 329 219 306 219 0 0
321 167 338 167 338 210 321 210 0 0
333 160 352 160 352 200 333 200 0 0
343 153 362 153 362 200 343 200 0 0
374 136 389 136 389 189 374 189 0 0
390 137 402 137 402 186 390 186 0 0
399 136 411 136 411 193 399 193 0 0
40 330 74 330 74 347 40 347 0 0
45 348 79 348 79 365 45 365 0 0
45 365 82 365 82 381 45 381 0 0
52 380 86 380 86 396 52 396 0 0
108.00000000000001 302 143 302 143 319 108.00000000000001 319 0 0
111 319 151 319 151 335 111 335 0 0
112.99999999999999 334 155 334 155 353 112.99999999999999 353 0 0
118 352 156 352 156 370 118 370 0 0
159 316 174 316 174 365 159 365 0 0
174 310 187 310 187 360 174 360 0 0
185 310 199 310 199 359 185 359 0 0
195 306 213.99999999999997 306 213.99999999999997 359 195 359 0 0
210 303 224 303 224 353 210 353 0 0
223 302 237 302 237 352 223 352 0 0
243 297 258 297 258 349 243 349 0 0
258 300 270 300 270 349 258 349 0 0
270 298 284 298 284 347 270 347 0 0
286 299 295 299 295 348 286 348 0 0
295 297 308 297 308 348 295 348 0 0
308 296 320 296 320 352 308 352 0 0
331 302 342 302 342 350 331 350 0 0
343 300 356 300 356 357 343 357 0 0
356 302 367 302 367 352 356 352 0 0
366 301 378 301 378 356 366 356 0 0
378 302 392 302 392 359 378 359 0 0
391 308 403 308 403 363 391 363 0 0
377 203 387 203 387 259 377 259 0 0
388 204 400 204 400 260 388 260 0 0
400 213.99999999999997 408 213.99999999999997 408 258 400 258 0 0