66 96 89 96 89 133 66 133 0 0
100 98 121.00000000000001 98 121.00000000000001 135 100 135 0 0
62.99999999999999 1 115 1 115 34 62.99999999999999 34 0 0
128 0 181 0 181 34 128 34 0 0
189 2 239.99999999999997 2 239.99999999999997 33 189 33 0 0
254.00000000000003 2 306 2 306 31 254.00000000000003 31 0 0
321 2 344 2 344 32 321 32 0 0
354 4 377 4 377 36 354 36 0 0
132 101 156 101 156 138 132 138 0 0
166 101 191 101 191 138 166 138 0 0
199 96 225.99999999999997 96 225.99999999999997 136 199 136 0 0
232 91 257 91 257 133 232 133 0 0
266 88 291 88 291 124 266 124 0 0
320 90 343 90 343 125.99999999999999 320 125.99999999999999 0 0
353 89 379 89 379 123 353 123 0 0
65 139 89 139 89 174 65 174 0 0
100 144 124 144 124 181 100 181 0 0
131 148 156 148 156 186 131 186 0 0
165 148 189 148 189 184 165 184 0 0
199 144 224 144 224 180 199 180 0 0
233 141 258 141 258 176 233 176 0 0
266 133 291 133 291 169 266 169 0 0
67 229.00000000000003 90 229.00000000000003 90 264 67 264 0 0
99 237 124 237 124 272 99 272 0 0
133 238 158 238 158 273 133 273 0 0
165 236 190 236 190 273 165 273 0 0
201 233 223 233 223 269 201 269 0 0
236 231 258 231 258 261 236 261 0 0
266 223 292 223 292 258 266 258 0 0
327 192 350 192 350 228.00000000000003 327 228.00000000000003 0 0
270 267 296 267 296 301 270 301 0 0
236 273 262 273 262 311 236 311 0 0
204 276 228.00000000000003 276 228.00000000000003 315 204 315 0 0
169 281 196 281 196 317 169 317 0 0
136 282 161 282 161 321 136 321 0 0
102 281 128 281 128 317 102 317 0 0
69 275 95 275 95 314 69 314 0 0
69 366 96 366 96 401 69 401 0 0
101 366 129 366 129 405 101 405 0 0
134 367 164 367 164 405 134 405 0 0
167 366 196 366 196 403 167 403 0 0
204 365 228.00000000000003 365 228.00000000000003 402 204 402 0 0
238 364 261 364 261 400 238 400 0 0
272 357 295 357 295 396 272 396 0 0