106 17 131 17 131 36 106 36 0 0
89 19 103 19 103 38 89 38 0 0
70 28 89 28 89 48 70 48 0 0
66 46 87 46 87 62 66 62 0 0
67 62 90 62 90 75 67 75 0 0
67 74 87 74 87 85 67 85 0 0
98 45 112 45 112 61 98 61 0 0
112.99999999999999 42 124 42 124 62 112.99999999999999 62 0 0
123 46 135 46 135 67 123 67 0 0
144 44 153 44 153 67 144 67 0 0
154 45 164 45 164 66 154 66 0 0
165 44 178 44 178 66 165 66 0 0
154 21 171 21 171 37 154 37 0 0
173 20 190 20 190 37 173 37 0 0
190 28 207 28 207 48 190 48 0 0
187 45 209 45 209 61 187 61 0 0
189 59.99999999999999 208 59.99999999999999 208 73 189 73 0 0
189 74 207 74 207 83 189 83 0 0
191 84 210 84 210 95 191 95 0 0
185 94 207 94 207 110 185 110 0 0
191 106.99999999999999 212.99999999999997 106.99999999999999 212.99999999999997 124 191 124 0 0
193 124 218 124 218 132 193 132 0 0
202 129 223 129 223 144 202 144 0 0
200 143 228.00000000000003 143 228.00000000000003 154 200 154 0 0
96 61 117 61 117 73 96 73 0 0
93 72 115 72 115 86 93 86 0 0
95 87 112 87 112 98 95 98 0 0
99 100 115 100 115 110 99 110 0 0
102 112 121.00000000000001 112 121.00000000000001 123 102 123 0 0
104 123 119 123 119 133 104 133 0 0
69 148 87 148 87 160 69 160 0 0
59 150 83 150 83 169 59 169 0 0
54.00000000000001 162 80 162 80 181 54.00000000000001 181 0 0
40 176 62 176 62 195 40 195 0 0
33 188 57.00000000000001 188 57.00000000000001 208 33 208 0 0
29 198 47 198 47 216.00000000000003 29 216.00000000000003 0 0
17 206 39 206 39 222 17 222 0 0
14.999999999999998 218 38 218 38 235 14.999999999999998 235 0 0
8 229.00000000000003 29 229.00000000000003 29 249 8 249 0 0
9 247 29.999999999999996 247 29.999999999999996 257 9 257 0 0
7 256 28 256 28 269 7 269 0 0
6 269 27.000000000000004 269 27.000000000000004 285 6 285 0 0
101 159 117 159 117 174 101 174 0 0
93 168 106.99999999999999 168 106.99999999999999 187 93 187 0 0
83 180 99 180 99 192 83 192 0 0
76 189 88 189 88 203 76 203 0 0
64 197 85 197 85 213.99999999999997 64 213.99999999999997 0 0
58 206 79 206 79 222 58 222 0 0
53 215.00000000000003 71 215.00000000000003 71 231 53 231 0 0
50 221 68 221 68 239.99999999999997 50 239.99999999999997 0 0
49 231 68 231 68 251 49 251 0 0
38 242.00000000000003 59 242.00000000000003 59 258 38 258 0 0
38 261 51 261 51 277 38 277 0 0
54.00000000000001 264 65 264 65 282 54.00000000000001 282 0 0
68 269 83 269 83 285 68 285 0 0
78 259 91 259 91 277 78 277 0 0
86 248 100 248 100 267 86 267 0 0
94 238 108.00000000000001 238 108.00000000000001 263 94 263 0 0
105 235 116 235 116 263 105 263 0 0
112 232 128 232 128 251.99999999999997 112 251.99999999999997 0 0
123 225.99999999999997 139 225.99999999999997 139 251 123 251 0 0
136 229.00000000000003 150 229.00000000000003 150 243 136 243 0 0
112.99999999999999 173 127.00000000000001 173 127.00000000000001 188 112.99999999999999 188 0 0
122 185 134 185 134 206 122 206 0 0
128 202 146 202 146 223 128 223 0 0
24 285 34 285 34 300 24 300 0 0
35 286 42 286 42 306 35 306 0 0
47 294 58 294 58 312 47 312 0 0
62 291 79 291 79 307 62 307 0 0
68 309 83 309 83 316 68 316 0 0
68 321 86 321 86 327 68 327 0 0
73 331 88 331 88 339 73 339 0 0
77 356 95 356 95 366 77 366 0 0
72 366 100 366 100 378 72 378 0 0
73 377 96 377 96 389 73 389 0 0
82 382 93 382 93 403 82 403 0 0
97 389 114.00000000000001 389 114.00000000000001 410 97 410 0 0
116 385 121.00000000000001 385 121.00000000000001 407 116 407 0 0
114.00000000000001 372 136 372 136 390 114.00000000000001 390 0 0
112 362 136 362 136 371 112 371 0 0
106 353 132 353 132 362 106 362 0 0
102 345 130 345 130 352 102 352 0 0
103 334 122 334 122 345 103 345 0 0
103 327 122 327 122 338 103 338 0 0
93 316 121.00000000000001 316 121.00000000000001 324 93 324 0 0
95 307 124 307 124 317 95 317 0 0
91 294 128 294 128 306 91 306 0 0
93 272 125 272 125 297 93 297 0 0
106 262 127.00000000000001 262 127.00000000000001 289 106 289 0 0
119.99999999999999 252.99999999999997 142 252.99999999999997 142 286 119.99999999999999 286 0 0
144 248 152 248 152 278 144 278 0 0
147 245 167 245 167 273 147 273 0 0
161 239.99999999999997 172 239.99999999999997 172 268 161 268 0 0
204 244 228.00000000000003 244 228.00000000000003 261 204 261 0 0
215.00000000000003 256 238 256 238 273 215.00000000000003 273 0 0
246 287 252.99999999999997 287 252.99999999999997 297 246 297 0 0
243 296 264 296 264 307 243 307 0 0
251.99999999999997 306 266 306 266 314 251.99999999999997 314 0 0
258 312 279 312 279 323 258 323 0 0
266 322 290 322 290 335 266 335 0 0
273 339 302 339 302 348 273 348 0 0
277 346 297 346 297 358 277 358 0 0
281 361 304 361 304 371 281 371 0 0
286 371 304 371 304 380 286 380 0 0
283 379 308 379 308 391 283 391 0 0
226.99999999999997 224 239.99999999999997 224 239.99999999999997 234 226.99999999999997 234 0 0
304 333 314 333 314 350 304 350 0 0
312 328 325 328 325 345 312 345 0 0
321 325 341 325 341 341 321 341 0 0
324 320 347 320 347 340 324 340 0 0
338 314 358 314 358 330 338 330 0 0
362 308 375 308 375 321 362 321 0 0
360 295 374 295 374 305 360 305 0 0
354 285 377 285 377 295 354 295 0 0
356 275 377 275 377 284 356 284 0 0
356 264 375 264 375 276 356 276 0 0
349 255.00000000000003 373 255.00000000000003 373 266 349 266 0 0
347 245 373 245 373 256 347 256 0 0
256 225 268 225 268 242.00000000000003 256 242.00000000000003 0 0
260 236 275 236 275 247 260 247 0 0
232 234 247 234 247 242.00000000000003 232 242.00000000000003 0 0
238 238.99999999999997 255.00000000000003 238.99999999999997 255.00000000000003 251.99999999999997 238 251.99999999999997 0 0
241.00000000000003 249 259 249 259 260 241.00000000000003 260 0 0
263 273 280 273 280 291 263 291 0 0
273 268 289 268 289 283 273 283 0 0
281 261 300 261 300 282 281 282 0 0
291 258 308 258 308 273 291 273 0 0
294 235 311 235 311 251 294 251 0 0
291 225 292 225 292 241.00000000000003 291 241.00000000000003 0 0
283 220 293 220 293 229.00000000000003 283 229.00000000000003 0 0
387 247 403 247 403 256 387 256 0 0
384 254.00000000000003 401 254.00000000000003 401 268 384 268 0 0
386 265 400 265 400 279 386 279 0 0
383 272 399 272 399 285 383 285 0 0
380 284 395 284 395 298 380 298 0 0
386 296 399 296 399 313 386 313 0 0