308 102 331 102 331 119 308 119 0 0
360 43 388 43 388 55 360 55 0 0
357 51 378 51 378 65 357 65 0 0
354 68 374 68 374 79 354 79 0 0
351 76 374 76 374 89 351 89 0 0
349 86 369 86 369 98 349 98 0 0
345 99 368 99 368 111 345 111 0 0
337 109 364 109 364 119.99999999999999 337 119.99999999999999 0 0
311 115 327 115 327 129 311 129 0 0
304 131 325 131 325 144 304 144 0 0
302 149 324 149 324 162 302 162 0 0
301 161 322 161 322 171 301 171 0 0
342 134 361 134 361 146 342 146 0 0
336 144 355 144 355 155 336 155 0 0
339 157 357 157 357 170 339 170 0 0
332 192 350 192 350 203 332 203 0 0
329 199 350 199 350 212 329 212 0 0
329 212 349 212 349 225.99999999999997 329 225.99999999999997 0 0
331 226.99999999999997 355 226.99999999999997 355 235 331 235 0 0
329 233 355 233 355 243 329 243 0 0
331 243 354 243 354 249 331 249 0 0
333 249 353 249 353 257 333 257 0 0
334 258 355 258 355 267 334 267 0 0
332 269 356 269 356 277 332 277 0 0
342 287 360 287 360 302 342 302 0 0
337 304 362 304 362 324 337 324 0 0
335 321 356 321 356 339 335 339 0 0
328 324 342 324 342 345 328 345 0 0
317 330 330 330 330 349 317 349 0 0
305 328 316 328 316 346 305 346 0 0
296 330 306 330 306 346 296 346 0 0
286 327 296 327 296 352 286 352 0 0
277 326 286 326 286 349 277 349 0 0
265 324 272 324 272 345 265 345 0 0
251 323 263 323 263 341 251 341 0 0
242.00000000000003 319 249 319 249 337 242.00000000000003 337 0 0
212.99999999999997 309 234 309 234 332 212.99999999999997 332 0 0
84 202 106 202 106 216.00000000000003 84 216.00000000000003 0 0
102 195 115 195 115 213.99999999999997 102 213.99999999999997 0 0
110 193 125.99999999999999 193 125.99999999999999 206 110 206 0 0
119.99999999999999 187 137 187 137 206 119.99999999999999 206 0 0
134 183 147 183 147 197 134 197 0 0
37 212 56 212 56 238.99999999999997 37 238.99999999999997 0 0
298 209 316 209 316 222 298 222 0 0
298 220 316 220 316 234 298 234 0 0
299 234 320 234 320 247 299 247 0 0
299 246 321 246 321 258 299 258 0 0
297 258 322 258 322 264 297 264 0 0
305 264 325 264 325 274 305 274 0 0
302 274 321 274 321 283 302 283 0 0
299 283 326 283 326 291 299 291 0 0
306 292 327 292 327 299 306 299 0 0
225 282 237 282 237 305 225 305 0 0
235 285 248 285 248 306 235 306 0 0
245 287 258 287 258 311 245 311 0 0
256 293 267 293 267 314 256 314 0 0
268 294 277 294 277 318 268 318 0 0
275 296 291 296 291 322 275 322 0 0
288 296 302 296 302 324 288 324 0 0
296 302 315 302 315 322 296 322 0 0
309 301 333 301 333 318 309 318 0 0
2 184 22 184 22 195 2 195 0 0
3 195 22 195 22 207 3 207 0 0
9 203 29.999999999999996 203 29.999999999999996 215.00000000000003 9 215.00000000000003 0 0
17 206 29.999999999999996 206 29.999999999999996 234 17 234 0 0
58 212.99999999999997 67 212.99999999999997 67 237 58 237 0 0
65 216.00000000000003 85 216.00000000000003 85 225.99999999999997 65 225.99999999999997 0 0