121.00000000000001 49 141 49 141 140 121.00000000000001 140 0 0
140 49 158 49 158 139 140 139 0 0
157 48 174 48 174 137 157 137 0 0
172 50 192 50 192 137 172 137 0 0
192 48 209 48 209 139 192 139 0 0
209 51 225.99999999999997 51 225.99999999999997 138 209 138 0 0
226.99999999999997 50 245 50 245 136 226.99999999999997 136 0 0
243 49 263 49 263 138 243 138 0 0
261 50 280 50 280 137 261 137 0 0
235 168 288 168 288 212 235 212 0 0
249 211 296 211 296 242.00000000000003 249 242.00000000000003 0 0
271 238 308 238 308 272 271 272 0 0
270 272 319 272 319 329 270 329 0 0